IBM BigBlue vs ノジマ相模原ライズ
2020/11/23(月) 会場 : 富士通スタジアム川崎
守備スタッツ

IBM BigBlue
ー TKL ASK COMB SKYDS TPFLンYDS INT PD FF FR
#35 Gamboa Herbert                    4       3        5.5        0.0     0.0          1       1          0       0       0      0
#29 米田 亮太                           2      0        2.0        0.0     0.0          0       0          0       0       0      0
#57 寺林要                              1       2        2.0        0.0     0.0          0       0          0       0       0      0
#1 中谷祥吾                           1       由        1.5        0.0     0.0          0       0          0       0       0      0
#25 寺中健司                           1       1        1.5        0.0     0.0          1       2          0       0       0      0
#26 松浦 直希                           0      3        1.5        0.0     0.0          0       0          0       0       0      0
#5 Kevin Coghlan                      1       0        1.0         1.0 15.0          1     15          0       0       0      0
#6 大滝達也                           1       0        1.0        0.0     0.0          0       0          0       0       0      0
#9 植村佳史                           1       0        1.0        0.0     0.0          0       0          0       0       0      0
#18 小川 知輝                         1      0        1.0        0.0    0.0         0      0         0      0      0      0
#19 佐藤 太希                           1       0        1.0        0.0     0.0          0      0          0       0       0      0
#22 中山 裕貴                           0      グ        1.0        0.0     0.0          0       0          0       0       0      0
#31 茂木 雅人                           1       0        1.0        0.0     0.0          0       0          0       0       0      0
#92 草野裕哉                           1       0        1.0        0.0     0.0          0      0          0       0       0      0
Total                                    16     12       22.0        1.0 15.0          3     18          0      0      0      0
TKL = Tackle AST = AsistTackle COMB = CombinedTackle SK=OQBSack TFL = Tackle For Loss
IN=Interception PD=Pass Defense FF=Forced Fumble FR=Fumble Recovery
ノジマ相模原ライズ

TKL ASK COMB         SK /YDS       TFL /YDS       INT PD FF FR
#5 田中 喜貴                           6       1        6.5        0.0     0.0          5     10          1       0       0      0
#7 。 LEE HIGHTOWER                  3       1         3.5        0.0     0.0          1       5          1       0       0      0
#3 佐久間徹                           3      0        3.0        0.0     0.0          0       0          0       0       0      0
#56 浦野 雄大                           1       3        2.5        0.0     0.0          0      0          0       0       0      0
#18 増山 純季                         2      0        2.0        0.0    0.0         1      2         0      0      0      0
#33 山口 見一郎                         2      0        2.0        0.0     0.0          0       0          0       0       0      0
#22 渡辺 健太                           1       1        1.5        0.0     0.0          0      0          0       1       0      0
#24 織田裕樹                           1       由        1.5        0.0     0.0          0       0          0       0       0      0
# 藤本遼                              1       0        1.0        0.0     0.0          0       0          0       0       0      0
#27 若島 慎兵                           1       0        1.0        0.0     0.0          0       0          0       0       0      0
#31 新井 直樹                           1       0        1.0        0.0     0.0          0       0          0       0       0      0
#41 松木 晋也                           1       0        1.0        0.0     0.0          0       0          0       0       0      0
#47 梶浦 書之                           1       0        1.0        0.0     0.0          0       0          0       0       0      0
#59 笹尾 健                              1       0        1.0        0.0     0.0          0       0          0       0       0      0
#90 伊倉良太                           1       0        1.0        0.0     0.0          0       0          0       0       0      0
#93 池田 貴士                           1       0        1.0         1.0     5.0          1       5          0       0       0      0
#44 小宮洋平                           0       L        0.5        0.0     0.0          0       0          0       0       0      0
Total                                    27      8       31.0        1.0     5.0          8     22          2       1      0      0